.Random.seed <-
c(403L, 586L, 32114296L, 1328275071L, 101921128L, 1562310916L, 
2060577279L, 2090960516L, 388866083L, 1594001633L, 1613365770L, 
158124897L, 1838214190L, -938009230L, -1559158899L, -1569018102L, 
-929537843L, 1842914419L, 962381172L, 996011883L, 1402863380L, 
-977969448L, -1165849949L, 1489135144L, -2046124865L, -639226699L, 
26851582L, 890589173L, 821322690L, 1908696270L, -794351447L, 
798131222L, -1962775311L, 138333343L, -1632873312L, -972491081L, 
2127833216L, -477824836L, 1159158567L, 350554348L, 301544827L, 
239130009L, 968514002L, 607628985L, 1253563878L, -1646484550L, 
-1704553227L, 661801458L, 1891516341L, 269166251L, -2118409460L, 
491711667L, 178616444L, 507713024L, 1980304571L, 286174112L, 
1754550887L, -2084979555L, -677932650L, -133651911L, 2088864891L, 
716626711L, 1772819837L, 1793922976L, -1947824094L, -1785404652L, 
-505581106L, -1264651809L, -1898455867L, -176204591L, -1559975545L, 
-1429058226L, -881132860L, 2083421094L, 131414136L, -599572723L, 
974500327L, -620224309L, 1453844137L, -1296745924L, -1187419426L, 
281819608L, 636610634L, -763551949L, 1098832577L, 259365941L, 
-2075174093L, 1607863114L, -493759200L, -2138351366L, -988233404L, 
-2038457583L, -1811798157L, 593787679L, -675121419L, 674864664L, 
1716552890L, -1438498196L, -1810713466L, 1661265767L, -1893964195L, 
727822905L, -997600593L, -361679562L, 1721251724L, -969646962L, 
-1109176592L, 1011824325L, 416778399L, -1465958285L, -1514311775L, 
-1318017452L, 284350966L, -1678121040L, -1998775838L, 684416411L, 
1552217721L, -593285923L, 1612626459L, -1224217838L, -1668373880L, 
390887458L, 1192568156L, -1149383287L, 1694907787L, 1895831847L, 
-880787443L, 653234288L, 1421722866L, 820300836L, -649909314L, 
-1648385297L, 1928236917L, 2124167073L, 1519945943L, 869957822L, 
-119781708L, 360407446L, -1881802264L, 543470237L, 1338925655L, 
-1502284709L, 733995353L, 162316076L, -690541394L, -2070878872L, 
-1452563334L, -122678141L, 88057393L, 1402392741L, 887245475L, 
-2068353766L, 236566288L, -1848098582L, 247832980L, -2136760927L, 
-1026493373L, 1661307119L, -381844923L, -597433240L, -1560015862L, 
862178812L, -2145272266L, 1425118455L, -933741555L, -1861268023L, 
-1201929345L, 1145657510L, -1599390660L, -978841794L, -1268258528L, 
-679716011L, -255197041L, -1284825789L, 1309231505L, -558525180L, 
40714118L, 184158848L, -568668334L, -1099327573L, -80382551L, 
1384015373L, -683381237L, 1505990818L, -614526024L, 1221040082L, 
-1580344404L, -1686052967L, 942282907L, -1017049033L, -1679155619L, 
-632115968L, -410155134L, -1474145484L, 375589998L, 898008447L, 
1019352229L, -1383627343L, 784694375L, 2080607150L, 634164132L, 
-982007674L, 1124144728L, 1788381165L, -107560441L, -2090374677L, 
-232186551L, 2135875676L, 371711998L, 1461901944L, 1044217514L, 
877649363L, -1987267679L, 1900166101L, 658440595L, -1906581654L, 
1088423104L, 1629033306L, -2013537372L, -188207887L, -1572227949L, 
-1313949441L, -5190571L, -638949896L, -1065565926L, -291312180L, 
-1694742874L, -1903956153L, -205051907L, 2084081689L, 885872719L, 
2125438934L, 1149220588L, 1842490734L, 1299182032L, 617459685L, 
671271615L, 882449299L, 43343937L, 1981757044L, -1530348714L, 
-800810672L, -1365847550L, -1785960773L, 2031705305L, 2089552125L, 
1754697147L, 1714718322L, -21013528L, -425035454L, 1895667644L, 
-966542231L, -889342421L, 1831475527L, 1243491693L, 1963166800L, 
775476818L, -173200444L, 176934878L, -1142530673L, 2002170197L, 
-670747007L, -115830729L, 445376670L, -1708966380L, 2064736630L, 
1686517064L, 401711869L, 1393197815L, 1072716411L, 506662393L, 
1070212556L, -671940018L, -52248184L, 1789521754L, 1710421027L, 
1655137041L, -2109939003L, 1712294275L, 324902842L, 2031959472L, 
754872650L, 1678143092L, 1757398017L, -470689693L, -181365169L, 
-1595921215L, 1251873433L, 155534267L, 966621120L, 1355274616L, 
-445648388L, -1552656578L, -1909121489L, -456393265L, -222190437L, 
-1640834567L, -2102975882L, -997268870L, -1529244190L, 340971480L, 
1718022017L, -1719087731L, 1199684701L, -464270129L, 1668026996L, 
-1921549100L, -333413592L, 1811287058L, 387354019L, -1138120573L, 
1519036007L, 576064677L, -1316836110L, 1723935806L, -139622058L, 
-887289884L, -2102472451L, -989235159L, -952413855L, 308974723L, 
-1813514568L, 1438702960L, 1941198564L, -1677195482L, -92497465L, 
1641860871L, -180857661L, 2002794097L, -1836937794L, -733689806L, 
921746698L, -2098762304L, -1784265223L, 200723973L, 372226453L, 
-432783513L, -1090302148L, -1376564292L, 422223552L, -708388310L, 
-64847701L, 271884075L, 1682795743L, -568296147L, 880154058L, 
-766630714L, -434514610L, 1675691388L, 808855781L, -1196945935L, 
143014825L, 643870603L, -134027248L, 929919432L, 223440620L, 
1264515502L, -1891234465L, -570792801L, 2129179851L, 739114185L, 
660276614L, 508930730L, -49797582L, 563397704L, -2107360399L, 
1098844541L, 1226936653L, -1570209345L, 678720260L, 1410587876L, 
-198510504L, -2122551486L, -1950815949L, -585113325L, 1047713495L, 
442334549L, 796402114L, -777935346L, 1210130502L, -1333967948L, 
459776365L, -1911025351L, -1653108719L, 1560786355L, -1738453528L, 
-1886160224L, -497132876L, 1927439734L, -883054441L, 1737092471L, 
-251237933L, -812137375L, -586001938L, 1129819138L, -1461126598L, 
-1323773680L, -947520695L, -661698219L, -1394756827L, -1167617609L, 
1785508972L, -1729171348L, 1641110800L, 772687098L, -832258405L, 
-845487717L, -1561654993L, 1165716349L, -880780102L, 1561183222L, 
-713839458L, 992829036L, -886901707L, -850415967L, 1294135353L, 
-1033882661L, -1428186016L, -541124584L, -763113252L, -1336200034L, 
2106823503L, 925317807L, 1127734011L, -1100182183L, 920136918L, 
624359514L, 804400706L, -322490376L, 784218017L, 569896365L, 
-763481475L, -337571409L, -499104300L, 1759816180L, 2033815496L, 
1809544242L, 61033475L, 1356340387L, -724556345L, 1512762757L, 
188299090L, -2057412322L, 1621344950L, 2021308228L, -1439431267L, 
-1943088439L, -2078861951L, -1853926429L, -845734568L, -1112211568L, 
-1485086204L, -437041786L, -1287448345L, -1749310809L, -228357551L, 
-1590300250L, -1112249815L, 488928412L, 764782461L, -24982870L, 
-1663099761L, 352874214L, 498440861L, -23006218L, -871163151L, 
1573765736L, -1822792867L, 1010342302L, 1623801135L, -595590214L, 
854388961L, -1256911058L, -891796127L, 1630106380L, -1175542147L, 
920985394L, -1782188777L, -1302567530L, -1916513827L, -1452153850L, 
-687229391L, 476072744L, 44220693L, 1615998790L, -172887729L, 
-1893878358L, 1131685985L, 381221238L, 752632393L, 1708585660L, 
-1372805779L, -352579894L, -354408481L, 193593334L, 1852913357L, 
-1075511514L, -426148479L, 1561052264L, -191210691L, 252748638L, 
-80825793L, 1264118154L, 2038298305L, 957549918L, -1060185087L, 
912312124L, 2062572541L, -821188462L, -911981177L, 1757487478L, 
-309479203L, 1778769510L, 390751061L, 1662221865L, 1891626276L, 
-76283878L, -1407658783L, -1760433631L, -221628990L, 2061598240L, 
1800474297L, -1103935583L, -1827611144L, 754494434L, 1626659989L, 
-748910159L, 822729610L, -1102008332L, 453426605L, 930119697L, 
-1502593516L, -225835638L, 1554150857L, -1778135239L, 1083539866L, 
-1912019424L, 747150825L, 2125092681L, 1191859040L, 720825234L, 
-1314972283L, -721101575L, -13619230L, 1977008076L, 1365003653L, 
-1413988119L, 1902774676L, 1101223434L, -774536335L, 1265828721L, 
-752060734L, 184899936L, -1733119767L, -2005409295L, 1985434296L, 
1608281682L, 853814261L, 1898197169L, -1367730806L, 17173108L, 
-153728243L, 336674209L, -1066815164L, 419722010L, 2044471753L, 
176752985L, -156570710L, 308933504L, -619527463L, 1753943689L, 
-2093723536L, -272446174L, 1144890085L, -1431574263L, 1134734802L, 
-929608484L, 1495817141L, 1123505225L, 51135428L, 1902765690L, 
-134196383L, 1363027009L, 1753887394L, 1587240000L, 2107627737L, 
1552617313L, 29906040L, -328558174L, -739215531L, -249745071L, 
2116074570L, 451527796L, -990498323L, 2139158321L, -508716076L, 
-1654353558L, -389872471L, -887006407L, -800575846L, 51369472L, 
911400297L, 563853577L, 1061586592L, -1403617006L, 1862501765L, 
